[[[ 0  0  0]
  [ 0  0  0]
  [ 0  0  0]
  ...
  [ 0  0  0]
  [ 0  0  0]
  [ 0  0  0]]

 [[ 0  0  0]
  [ 0  0  0]
  [ 0  0  0]
  ...
  [ 0  0  0]
  [ 0  0  0]
  [ 0  0  0]]

 [[ 0  0  0]
  [ 0  0  0]
  [ 0  0  0]
  ...
  [ 0  0  0]
  [ 0  0  0]
  [ 0  0  0]]

 ...

 [[80 89 22]
  [80 89 22]
  [80 89 22]
  ...
  [80 89 22]
  [80 89 22]
  [80 89 22]]

 [[80 89 22]
  [80 89 22]
  [80 89 22]
  ...
  [80 89 22]
  [80 89 22]
  [80 89 22]]

 [[80 89 22]
  [80 89 22]
  [80 89 22]
  ...
  [80 89 22]
  [80 89 22]
  [80 89 22]]]